1583
63
740
4154
0
2345
0
10
576
240
74
0
875
0
10
608
272
74
0
938
0
10
912
480
68
0
876
0
10
944
512
74
0
938
0
10
816
384
1500
0
876
0
10
848
416
75
0
878
0
10
48
192
69
0
876
0
10
80
224
74
0
875
0
10
336
192
73
0
875
0
10
368
224
68
0
878
0
10
144
240
74
0
938
0
10
176
272
73
0
938
0
10
48
480
73
0
875
0
10
80
512
73
0
938
0
10
912
96
73
0
938
0
10
944
128
73
0
938
0
10
224
128
75
0
878
0
10
800
224
74
0
938
0
10
32
32
74
0
938
0
10
128
224
1500
0
876
0
10
704
224
74
0
938
0
10
608
224
73
0
938
0
10
896
320
73
0
875
0
10
704
320
70
0
876
0
10
896
224
73
0
938
0
10
800
128
73
0
938
0
10
896
32
74
0
938
0
10
320
416
73
0
938
0
26
512
96
92
0
0
0
25
672
224
91
0
0
0
25
864
512
91
0
0
0
25
864
416
91
0
0
0
26
800
288
92
0
0
0
26
32
384
92
0
0
0
25
480
224
91
0
0
0
25
480
128
91
0
0
0
25
192
224
91
0
0
0
25
96
320
91
0
0
0
26
32
384
92
0
0
0
26
896
192
92
0
0
0
25
864
32
91
0
0
0
26
32
576
92
0
0
0
