7
480
96
62
0
7
544
96
62
0
7
576
96
62
0
7
608
96
62
0
7
640
96
62
0
7
480
384
62
0
7
512
384
62
0
7
544
384
62
0
7
576
384
62
0
7
608
384
62
0
7
640
384
62
0
8
480
288
63
0
8
480
320
63
0
8
480
352
63
0
8
672
96
63
0
8
672
128
63
0
8
672
160
63
0
8
672
192
63
0
8
672
256
63
0
8
672
288
63
0
8
672
320
63
0
8
672
352
63
0
7
864
384
62
0
7
896
384
62
0
7
928
384
62
0
8
864
480
63
0
8
864
544
63
0
7
768
288
62
0
7
832
288
62
0
7
768
480
62
0
7
800
480
62
0
7
832
480
62
0
8
768
288
63
0
8
768
320
63
0
8
768
352
63
0
8
768
384
63
0
8
768
416
63
0
8
768
448
63
0
8
864
288
63
0
8
864
320
63
0
8
864
352
63
0
8
864
384
63
0
8
864
448
63
0
8
96
0
63
0
8
96
32
63
0
8
96
64
63
0
7
192
96
62
0
7
224
96
62
0
7
256
96
62
0
7
288
96
62
0
7
320
96
62
0
7
352
96
62
0
7
384
96
62
0
7
416
96
62
0
7
448
96
62
0
7
192
288
62
0
7
224
288
62
0
7
256
288
62
0
7
288
288
62
0
7
320
288
62
0
7
352
288
62
0
7
384
288
62
0
7
416
288
62
0
7
448
288
62
0
8
480
96
63
0
8
480
160
63
0
8
480
192
63
0
8
480
256
63
0
7
96
96
62
0
7
128
96
62
0
7
160
96
62
0
7
96
384
62
0
7
128
384
62
0
7
160
384
62
0
8
96
96
63
0
8
96
128
63
0
8
96
160
63
0
8
96
192
63
0
8
96
224
63
0
8
96
256
63
0
8
96
288
63
0
8
96
352
63
0
8
192
96
63
0
8
192
128
63
0
8
192
160
63
0
8
192
192
63
0
8
192
256
63
0
8
192
288
63
0
8
192
320
63
0
8
192
352
63
0
7
0
384
62
0
7
64
384
62
0
8
96
384
63
0
8
96
416
63
0
8
96
448
63
0
8
96
480
63
0
8
96
512
63
0
8
96
544
63
0
7
864
192
62
0
7
928
192
62
0
8
864
0
63
0
8
864
64
63
0
8
864
96
63
0
8
864
128
63
0
8
864
160
63
0
7
0
0
62
0
7
32
0
62
0
7
64
0
62
0
7
96
0
62
0
7
128
0
62
0
7
160
0
62
0
7
192
0
62
0
7
224
0
62
0
7
256
0
62
0
7
288
0
62
0
7
320
0
62
0
7
352
0
62
0
7
384
0
62
0
7
416
0
62
0
7
448
0
62
0
7
480
0
62
0
7
512
0
62
0
7
544
0
62
0
7
576
0
62
0
7
608
0
62
0
7
640
0
62
0
7
672
0
62
0
7
704
0
62
0
7
736
0
62
0
7
768
0
62
0
7
800
0
62
0
7
832
0
62
0
7
864
0
62
0
7
896
0
62
0
7
928
0
62
0
7
0
576
62
0
7
64
576
62
0
7
96
576
62
0
7
128
576
62
0
7
160
576
62
0
7
192
576
62
0
7
224
576
62
0
7
256
576
62
0
7
288
576
62
0
7
320
576
62
0
7
352
576
62
0
7
384
576
62
0
7
416
576
62
0
7
448
576
62
0
7
480
576
62
0
7
512
576
62
0
7
544
576
62
0
7
576
576
62
0
7
608
576
62
0
7
640
576
62
0
7
672
576
62
0
7
704
576
62
0
7
736
576
62
0
7
768
576
62
0
7
800
576
62
0
7
832
576
62
0
7
864
576
62
0
7
896
576
62
0
7
928
576
62
0
8
0
0
63
0
8
0
32
63
0
8
0
64
63
0
8
0
96
63
0
8
0
128
63
0
8
0
160
63
0
8
0
192
63
0
8
0
224
63
0
8
0
256
63
0
8
0
288
63
0
8
0
320
63
0
8
0
352
63
0
8
0
384
63
0
8
0
416
63
0
8
0
448
63
0
8
0
480
63
0
8
0
512
63
0
8
0
544
63
0
8
960
0
63
0
8
960
32
63
0
8
960
64
63
0
8
960
96
63
0
8
960
128
63
0
8
960
160
63
0
8
960
192
63
0
8
960
224
63
0
8
960
256
63
0
8
960
288
63
0
8
960
320
63
0
8
960
352
63
0
8
960
384
63
0
8
960
416
63
0
8
960
448
63
0
8
960
480
63
0
8
960
512
63
0
8
960
544
63
0
